V3
0
0
2
attackStart_Attack1
0
1
Attack1
attackStart_Attack2
0
1
Attack1_Mirrored
128
3064642194
2128416982
7891816
3064642194
3339817643
7891816
3064642194
279555444
7891816
3064642194
1760973598
7891816
3064642194
2224039776
7891816
3064642194
1760421224
7891816
3064642194
3086877386
7891816
3064642194
1591591352
7891816
3064642194
2335574056
7891816
3064642194
3284149696
7891816
3064642194
3195803265
7891816
3064642194
2351626825
7891816
3064642194
2383010534
7891816
3064642194
1815894659
7891816
3064642194
98488474
7891816
3064642194
889499806
7891816
3064642194
2335574056
7891816
3064642194
3284149696
7891816
3064642194
3195803265
7891816
3064642194
2351626825
7891816
3064642194
2383010534
7891816
3064642194
1815894659
7891816
3064642194
98488474
7891816
3064642194
889499806
7891816
596236441
2909749619
7891816
596236441
2435512995
7891816
596236441
3680244054
7891816
596236441
3576405612
7891816
596236441
3122853704
7891816
596236441
4151497467
7891816
596236441
2851257744
7891816
596236441
3939517541
7891816
3220268526
2952534464
7891816
596236441
4007425560
7891816
3220268526
4250954249
7891816
3220268526
865052597
7891816
3220268526
2860971535
7891816
3220268526
3716269721
7891816
3220268526
1139102522
7891816
3220268526
3318664614
7891816
3220268526
3744960977
7891816
3220268526
1178517611
7891816
3220268526
825880829
7891816
3220268526
2942133598
7891816
3220268526
3629798856
7891816
3220268526
1095959666
7891816
3220268526
1758969764
7891816
3220268526
383797042
7891816
3220268526
998749552
7891816
3220268526
157035653
7891816
3220268526
2514818744
7891816
3220268526
660657202
7891816
596236441
1039225057
7891816
596236441
3192229306
7891816
596236441
2225780556
7891816
596236441
1181148130
7891816
596236441
2715733982
7891816
596236441
3107019852
7891816
596236441
1510484211
7891816
596236441
2145933590
7891816
596236441
455159873
7891816
596236441
605766690
7891816
596236441
4069442826
7891816
596236441
1430891086
7891816
596236441
3035246889
7891816
596236441
1925298183
7891816
596236441
2349301053
7891816
596236441
1863968959
7891816
596236441
3495835627
7891816
596236441
2159266122
7891816
596236441
4152052454
7891816
596236441
2738515944
7891816
596236441
2878487174
7891816
596236441
3409663323
7891816
596236441
279219195
7891816
596236441
816501272
7891816
596236441
4124292293
7891816
596236441
2657435398
7891816
596236441
48648779
7891816
596236441
7161888
7891816
596236441
957333247
7891816
596236441
2461741890
7891816
596236441
2690022896
7891816
596236441
1406298014
7891816
3220268526
2367389082
7891816
3220268526
4145320270
7891816
3220268526
3583464821
7891816
3220268526
798517270
7891816
3220268526
2478923743
7891816
596236441
2495562680
7891816
596236441
1857178722
7891816
596236441
3051035031
7891816
596236441
1256253715
7891816
596236441
2704258339
7891816
596236441
256679598
7891816
596236441
2579172230
7891816
596236441
3746760297
7891816
596236441
292200174
7891816
596236441
2222359092
7891816
596236441
82548259
7891816
596236441
1801438236
7891816
596236441
3304803943
7891816
596236441
4140374945
7891816
596236441
2233652615
7891816
596236441
2674997658
7891816
596236441
1606997856
7891816
596236441
762403400
7891816
596236441
1576119532
7891816
3220268526
1854824594
7891816
3220268526
3201932896
7891816
3220268526
2465684941
7891816
3220268526
2535235239
7891816
3220268526
2065572626
7891816
596236441
3089760177
7891816
3220268526
1836733747
7891816
3220268526
4223219248
7891816
3220268526
28707667
7891816
3220268526
2692741654
7891816
3220268526
3004853482
7891816
3220268526
280615610
7891816
3220268526
2778915472
7891816
3220268526
1580274081
7891816
3220268526
2755538114
7891816
3220268526
2752976539
7891816
596236441
1993161146
7891816
596236441
1056890588
7891816
596236441
3299552971
7891816
596236441
901420615
7891816
